5

3 1 4 2 5


6

4 1 5 2 6 3


7

4 1 5 2 6 3 7


8

2 4 6 8 1 3 5 7


9

5 1 6 2 7 3 8 4 9


10

6 1 7 2 8 3 9 4 10 5


11542

5772 1 5773 2 5774 3 5775 4 5776 5 5777 6 5778 7 5779 8 5780 9 5781 10 5782 11 5783 12 5784 13 5785 14 5786 15 5787 16 5788 17 5789 18 5790 19 5791 20 5792 21 5793 22 5794 23 5795 24 5796 25 5797 26 5798 27 5799 28 5800 29 5801 30 5802 31 5803 32 5804 33 5805 34 5806 35 5807 36 5808 37 5809 38 5810 39 5811 40 5812 41 5813 42 5814 43 5815 44 5816 45 5817 46 5818 47 5819 48 5820 49 5821 50 5822 51 5823 52 5824 53 5825 54 5826 55 5827 56 5828 57 5829 58 5830 59 5831 60 5832 61 5833 62 5834 63 5835 64 5836 65 5837 66 5838 67 5839 68 5840 69 5841 70 5842 71 5843 72 5844 73 5845 74 5846 75 5847 76 5848 77 5849 78 5850 79 5851 80 5852 81 5853 82 5854 83 5855 84 5856 85 5857 86 5858 87 5859 88 5860 89 5861 90 5862 91 5863 92 5864 93 5865 94 5866 95 5867 96 5868 97 5869 98 5870 99 5871 100 5872 101 5873 102 5874 103 5875 104 5876 105 5877 106 5878 107 5879 108 5880 109 5881 110 5882 111 5883 112 5884 113 5885 114 5886 115 5887 116 5888 117 5889 118 5890 119 5891 120 5892 121 5893 122 5894 123 5895 124 5896 125 5897 126 5898 127 5899 128 5900 129 5901 130 5902 131 5903 132 5904 133 5905 134 5906 135 5907 136 5908 137 5909 138 5910 139 5911 140 5912 141 5913 142 5914 143 5915 144 5916 145 5917 146 5918 147 5919 148 5920 149 5921 150 5922 151 5923 152 5924 153 5925 154 5926 155 5927 156 5928 157 5929 158 5930 159 5931 160 5932 161 5933 162 5934 163 5935 164 5936 165 5937 166 5938 167 5939 168 5940 169 5941 170 5942 171 5943 172 5944 173 5945 174 5946 175 5947 176 5948 177 5949 178 5950 179 5951 180 5952 181 5953 182 5954 183 5955 184 5956 185 5957 186 5958 187 5959 188 5960 189 5961 190 5962 191 5963 192 5964 193 5965 194 5966 195 5967 196 5968 197 5969 198 5970 199 5971 200 5972 201 5973 202 5974 203 5975 204 5976 205 5977 206 5978 207 5979 208 5980 209 5981 210 5982 211 5983 212 5984 213 5985 214 5986 215 5987 216 5988 217 5989 218 5990 219 5991 220 5992 221 5993 222 5994 223 5995 224 5996 225 5997 226 5998 227 5999 228 6000 229 6001 230 6002 231 6003 232 6004 233 6005 234 6006 235 6007 236 6008 237 6009 238 6010 239 6011 240 6012 241 6013 242 6014 243 6015 244 6016 245 6017 246 6018 247 6019 248 6020 249 6021 250 6022 251 6023 252 6024 253 6025 254 6026 255 6027 256 6028 257 6029 258 6030 259 6031 260 6032 261 6033 262 6034 263 6035 264 6036 265 6037 266 6038 267 6039 268 6040 269 6041 270 6042 271 6043 272 6044 273 6045 274 6046 275 6047 276 6048 277 6049 278 6050 279 6051 280 6052 281 6053 282 6054 283 6055 284 6056 285 6057 286 6058 287 6059 288 6060 289 6061 290 6062 291 6063 292 6064 293 6065 294 6066 295 6067 296 6068 297 6069 298 6070 299 6071 300 6072 301 6073 302 6074 303 6075 304 6076 305 6077 306 6078 307 6079 308 6080 309 6081 310 6082 311 6083 312 6084 313 6085 314 6086 315 6087 316 6088 317 6089 318 6090 319 6091 320 6092 321 6093 322 6094 323 6095 324 6096 325 6097 326 6098 327 6099 328 6100 329 6101 330 6102 331 6103 332 6104 333 6105 334 6106 335 6107 336 6108 337 6109 338 6110 339 6111 340 6112 341 6113 342 6114 343 6115 344 6116 345 6117 346 6118 347 6119 348 6120 349 6121 350 6122 351 6123 352 6124 353 6125 354 6126 355 6127 356 6128 357 6129 358 6130 359 6131 360 6132 361 6133 362 6134 363 6135 364 6136 365 6137 366 6138 367 6139 368 6140 369 6141 370 6142 371 6143 372 6144 373 6145 374 6146 375 6147 376 6148 377 6149 378 6150 379 6151 380 6152 381 6153 382 6154 383 6155 384 6156 385 6157 386 6158 387 6159 388 6160 389 6161 390 6162 391 6163 392 6164 393 6165 394 6166 395 6167 396 6168 397 6169 398 6170 399 6171 400 6172 401 6173 402 6174 403 6175 404 6176 405 6177 406 6178 407 6179 408 6180 409 6181 410 6182 411 6183 412 6184 413 6185 414 6186 415 6187 416 6188 417 6189 418 6190 419 6191 420 6192 421 6193 422 6194 423 6195 424 6196 425 6197 426 6198 427 6199 428 6200 429 6201 430 6202 431 6203 432 6204 433 6205 434 6206 435 6207 436 6208 437 6209 438 6210 439 6211 440 6212 441 6213 442 6214 443 6215 444 6216 445 6217 446 6218 447 6219 448 6220 449 6221 450 6222 451 6223 452 6224 453 6225 454 6226 455 6227 456 6228 457 6229 458 6230 459 6231 460 6232 461 6233 462 6234 463 6235 464 6236 465 6237 466 6238 467 6239 468 6240 469 6241 470 6242 471 6243 472 6244 473 6245 474 6246 475 6247 476 6248 477 6249 478 6250 479 6251 480 6252 481 6253 482 6254 483 6255 484 6256 485 6257 486 6258 487 6259 488 6260 489 6261 490 6262 491 6263 492 6264 493 6265 494 6266 495 6267 496 6268 497 6269 498 6270 499 6271 500 6272 501 6273 502 6274 503 6275 504 6276 505 6277 506 6278 507 6279 508 6280 509 6281 510 6282 511 6283 512 6284 513 6285 514 6286 515 6287 516 6288 517 6289 518 6290 519 6291 520 6292 521 6293 522 6294 523 6295 524 6296 525 6297 526 6298 527 6299 528 6300 529 6301 530 6302 531 6303 532 6304 533 6305 534 6306 535 6307 536 6308 537 6309 538 6310 539 6311 540 6312 541 6313 542 6314 543 6315 544 6316 545 6317 546 6318 547 6319 548 6320 549 6321 550 6322 551 6323 552 6324 553 6325 554 6326 555 6327 556 6328 557 6329 558 6330 559 6331 560 6332 561 6333 562 6334 563 6335 564 6336 565 6337 566 6338 567 6339 568 6340 569 6341 570 6342 571 6343 572 6344 573 6345 574 6346 575 6347 576 6348 577 6349 578 6350 579 6351 580 6352 581 6353 582 6354 583 6355 584 6356 585 6357 586 6358 587 6359 588 6360 589 6361 590 6362 591 6363 592 6364 593 6365 594 6366 595 6367 596 6368 597 6369 598 6370 599 6371 600 6372 601 6373 602 6374 603 6375 604 6376 605 6377 606 6378 607 6379 608 6380 609 6381 610 6382 611 6383 612 6384 613 6385 614 6386 615 6387 616 6388 617 6389 618 6390 619 6391 620 6392 621 6393 622 6394 623 6395 624 6396 625 6397 626 6398 627 6399 628 6400 629 6401 630 6402 631 6403 632 6404 633 6405 634 6406 635 6407 636 6408 637 6409 638 6410 639 6411 640 6412 641 6413 642 6414 643 6415 644 6416 645 6417 646 6418 647 6419 648 6420 649 6421 650 6422 651 6423 652 6424 653 6425 654 6426 655 6427 656 6428 657 6429 658 6430 659 6431 660 6432 661 6433 662 6434 663 6435 664 6436 665 6437 666 6438 667 6439 668 6440 669 6441 670 6442 671 6443 672 6444 673 6445 674 6446 675 6447 676 6448 677 6449 678 6450 679 6451 680 6452 681 6453 682 6454 683 6455 684 6456 685 6457 686 6458 687 6459 688 6460 689 6461 690 6462 691 6463 692 6464 693 6465 694 6466 695 6467 696 6468 697 6469 698 6470 699 6471 700 6472 701 6473 702 6474 703 6475 704 6476 705 6477 706 6478 707 6479 708 6480 709 6481 710 6482 711 6483 712 6484 713 6485 714 6486 715 6487 716 6488 717 6489 718 6490 719 6491 720 6492 721 6493 722 6494 723 6495 724 6496 725 6497 726 6498 727 6499 728 6500 729 6501 730 6502 731 6503 732 6504 733 6505 734 6506 735 6507 736 6508 737 6509 738 6510 739 6511 740 6512 741 6513 742 6514 743 6515 744 6516 745 6517 746 6518 747 6519 748 6520 749 6521 750 6522 751 6523 752 6524 753 6525 754 6526 755 6527 756 6528 757 6529 758 6530 759 6531 760 6532 761 6533 762 6534 763 6535 764 6536 765 6537 766 6538 767 6539 768 6540 769 6541 770 6542 771 6543 772 6544 773 6545 774 6546 775 6547 776 6548 777 6549 778 6550 779 6551 780 6552 781 6553 782 6554 783 6555 784 6556 785 6557 786 6558 787 6559 788 6560 789 6561 790 6562 791 6563 792 6564 793 6565 794 6566 795 6567 796 6568 797 6569 798 6570 799 6571 800 6572 801 6573 802 6574 803 6575 804 6576 805 6577 806 6578 807 6579 808 6580 809 6581 810 6582 811 6583 812 6584 813 6585 814 6586 815 6587 816 6588 817 6589 818 6590 819 6591 820 6592 821 6593 822 6594 823 6595 824 6596 825 6597 826 6598 827 6599 828 6600 829 6601 830 6602 831 6603 832 6604 833 6605 834 6606 835 6607 836 6608 837 6609 838 6610 839 6611 840 6612 841 6613 842 6614 843 6615 844 6616 845 6617 846 6618 847 6619 848 6620 849 6621 850 6622 851 6623 852 6624 853 6625 854 6626 855 6627 856 6628 857 6629 858 6630 859 6631 860 6632 861 6633 862 6634 863 6635 864 6636 865 6637 866 6638 867 6639 868 6640 869 6641 870 6642 871 6643 872 6644 873 6645 874 6646 875 6647 876 6648 877 6649 878 6650 879 6651 880 6652 881 6653 882 6654 883 6655 884 6656 885 6657 886 6658 887 6659 888 6660 889 6661 890 6662 891 6663 892 6664 893 6665 894 6666 895 6667 896 6668 897 6669 898 6670 899 6671 900 6672 901 6673 902 6674 903 6675 904 6676 905 6677 906 6678 907 6679 908 6680 909 6681 910 6682 911 6683 912 6684 913 6685 914 6686 915 6687 916 6688 917 6689 918 6690 919 6691 920 6692 921 6693 922 6694 923 6695 924 6696 925 6697 926 6698 927 6699 928 6700 929 6701 930 6702 931 6703 932 6704 933 6705 934 6706 935 6707 936 6708 937 6709 938 6710 939 6711 940 6712 941 6713 942 6714 943 6715 944 6716 945 6717 946 6718 947 6719 948 6720 949 6721 950 6722 951 6723 952 6724 953 6725 954 6726 955 6727 956 6728 957 6729 958 6730 959 6731 960 6732 961 6733 962 6734 963 6735 964 6736 965 6737 966 6738 967 6739 968 6740 969 6741 970 6742 971 6743 972 6744 973 6745 974 6746 975 6747 976 6748 977 6749 978 6750 979 6751 980 6752 981 6753 982 6754 983 6755 984 6756 985 6757 986 6758 987 6759 988 6760 989 6761 990 6762 991 6763 992 6764 993 6765 994 6766 995 6767 996 6768 997 6769 998 6770 999 6771 1000 6772 1001 6773 1002 6774 1003 6775 1004 6776 1005 6777 1006 6778 1007 6779 1008 6780 1009 6781 1010 6782 1011 6783 1012 6784 1013 6785 1014 6786 1015 6787 1016 6788 1017 6789 1018 6790 1019 6791 1020 6792 1021 6793 1022 6794 1023 6795 1024 6796 1025 6797 1026 6798 1027 6799 1028 6800 1029 6801 1030 6802 1031 6803 1032 6804 1033 6805 1034 6806 1035 6807 1036 6808 1037 6809 1038 6810 1039 6811 1040 6812 1041 6813 1042 6814 1043 6815 1044 6816 1045 6817 1046 6818 1047 6819 1048 6820 1049 6821 1050 6822 1051 6823 1052 6824 1053 6825 1054 6826 1055 6827 1056 6828 1057 6829 1058 6830 1059 6831 1060 6832 1061 6833 1062 6834 1063 6835 1064 6836 1065 6837 1066 6838 1067 6839 1068 6840 1069 6841 1070 6842 1071 6843 1072 6844 1073 6845 1074 6846 1075 6847 1076 6848 1077 6849 1078 6850 1079 6851 1080 6852 1081 6853 1082 6854 1083 6855 1084 6856 1085 6857 1086 6858 1087 6859 1088 6860 1089 6861 1090 6862 1091 6863 1092 6864 1093 6865 1094 6866 1095 6867 1096 6868 1097 6869 1098 6870 1099 6871 1100 6872 1101 6873 1102 6874 1103 6875 1104 6876 1105 6877 1106 6878 1107 6879 1108 6880 1109 6881 1110 6882 1111 6883 1112 6884 1113 6885 1114 6886 1115 6887 1116 6888 1117 6889 1118 6890 1119 6891 1120 6892 1121 6893 1122 6894 1123 6895 1124 6896 1125 6897 1126 6898 1127 6899 1128 6900 1129 6901 1130 6902 1131 6903 1132 6904 1133 6905 1134 6906 1135 6907 1136 6908 1137 6909 1138 6910 1139 6911 1140 6912 1141 6913 1142 6914 1143 6915 1144 6916 1145 6917 1146 6918 1147 6919 1148 6920 1149 6921 1150 6922 1151 6923 1152 6924 1153 6925 1154 6926 1155 6927 1156 6928 1157 6929 1158 6930 1159 6931 1160 6932 1161 6933 1162 6934 1163 6935 1164 6936 1165 6937 1166 6938 1167 6939 1168 6940 1169 6941 1170 6942 1171 6943 1172 6944 1173 6945 1174 6946 1175 6947 1176 6948 1177 6949 1178 6950 1179 6951 1180 6952 1181 6953 1182 6954 1183 6955 1184 6956 1185 6957 1186 6958 1187 6959 1188 6960 1189 6961 1190 6962 1191 6963 1192 6964 1193 6965 1194 6966 1195 6967 1196 6968 1197 6969 1198 6970 1199 6971 1200 6972 1201 6973 1202 6974 1203 6975 1204 6976 1205 6977 1206 6978 1207 6979 1208 6980 1209 6981 1210 6982 1211 6983 1212 6984 1213 6985 1214 6986 1215 6987 1216 6988 1217 6989 1218 6990 1219 6991 1220 6992 1221 6993 1222 6994 1223 6995 1224 6996 1225 6997 1226 6998 1227 6999 1228 7000 1229 7001 1230 7002 1231 7003 1232 7004 1233 7005 1234 7006 1235 7007 1236 7008 1237 7009 1238 7010 1239 7011 1240 7012 1241 7013 1242 7014 1243 7015 1244 7016 1245 7017 1246 7018 1247 7019 1248 7020 1249 7021 1250 7022 1251 7023 1252 7024 1253 7025 1254 7026 1255 7027 1256 7028 1257 7029 1258 7030 1259 7031 1260 7032 1261 7033 1262 7034 1263 7035 1264 7036 1265 7037 1266 7038 1267 7039 1268 7040 1269 7041 1270 7042 1271 7043 1272 7044 1273 7045 1274 7046 1275 7047 1276 7048 1277 7049 1278 7050 1279 7051 1280 7052 1281 7053 1282 7054 1283 7055 1284 7056 1285 7057 1286 7058 1287 7059 1288 7060 1289 7061 1290 7062 1291 7063 1292 7064 1293 7065 1294 7066 1295 7067 1296 7068 1297 7069 1298 7070 1299 7071 1300 7072 1301 7073 1302 7074 1303 7075 1304 7076 1305 7077 1306 7078 1307 7079 1308 7080 1309 7081 1310 7082 1311 7083 1312 7084 1313 7085 1314 7086 1315 7087 1316 7088 1317 7089 1318 7090 1319 7091 1320 7092 1321 7093 1322 7094 1323 7095 1324 7096 1325 7097 1326 7098 1327 7099 1328 7100 1329 7101 1330 7102 1331 7103 1332 7104 1333 7105 1334 7106 1335 7107 1336 7108 1337 7109 1338 7110 1339 7111 1340 7112 1341 7113 1342 7114 1343 7115 1344 7116 1345 7117 1346 7118 1347 7119 1348 7120 1349 7121 1350 7122 1351 7123 1352 7124 1353 7125 1354 7126 1355 7127 1356 7128 1357 7129 1358 7130 1359 7131 1360 7132 1361 7133 1362 7134 1363 7135 1364 7136 1365 7137 1366 7138 1367 7139 1368 7140 1369 7141 1370 7142 1371 7143 1372 7144 1373 7145 1374 7146 1375 7147 1376 7148 1377 7149 1378 7150 1379 7151 1380 7152 1381 7153 1382 7154 1383 7155 1384 7156 1385 7157 1386 7158 1387 7159 1388 7160 1389 7161 1390 7162 1391 7163 1392 7164 1393 7165 1394 7166 1395 7167 1396 7168 1397 7169 1398 7170 1399 7171 1400 7172 1401 7173 1402 7174 1403 7175 1404 7176 1405 7177 1406 7178 1407 7179 1408 7180 1409 7181 1410 7182 1411 7183 1412 7184 1413 7185 1414 7186 1415 7187 1416 7188 1417 7189 1418 7190 1419 7191 1420 7192 1421 7193 1422 7194 1423 7195 1424 7196 1425 7197 1426 7198 1427 7199 1428 7200 1429 7201 1430 7202 1431 7203 1432 7204 1433 7205 1434 7206 1435 7207 1436 7208 1437 7209 1438 7210 1439 7211 1440 7212 1441 7213 1442 7214 1443 7215 1444 7216 1445 7217 1446 7218 1447 7219 1448 7220 1449 7221 1450 7222 1451 7223 1452 7224 1453 7225 1454 7226 1455 7227 1456 7228 1457 7229 1458 7230 1459 7231 1460 7232 1461 7233 1462 7234 1463 7235 1464 7236 1465 7237 1466 7238 1467 7239 1468 7240 1469 7241 1470 7242 1471 7243 1472 7244 1473 7245 1474 7246 1475 7247 1476 7248 1477 7249 1478 7250 1479 7251 1480 7252 1481 7253 1482 7254 1483 7255 1484 7256 1485 7257 1486 7258 1487 7259 1488 7260 1489 7261 1490 7262 1491 7263 1492 7264 1493 7265 1494 7266 1495 7267 1496 7268 1497 7269 1498 7270 1499 7271 1500 7272 1501 7273 1502 7274 1503 7275 1504 7276 1505 7277 1506 7278 1507 7279 1508 7280 1509 7281 1510 7282 1511 7283 1512 7284 1513 7285 1514 7286 1515 7287 1516 7288 1517 7289 1518 7290 1519 7291 1520 7292 1521 7293 1522 7294 1523 7295 1524 7296 1525 7297 1526 7298 1527 7299 1528 7300 1529 7301 1530 7302 1531 7303 1532 7304 1533 7305 1534 7306 1535 7307 1536 7308 1537 7309 1538 7310 1539 7311 1540 7312 1541 7313 1542 7314 1543 7315 1544 7316 1545 7317 1546 7318 1547 7319 1548 7320 1549 7321 1550 7322 1551 7323 1552 7324 1553 7325 1554 7326 1555 7327 1556 7328 1557 7329 1558 7330 1559 7331 1560 7332 1561 7333 1562 7334 1563 7335 1564 7336 1565 7337 1566 7338 1567 7339 1568 7340 1569 7341 1570 7342 1571 7343 1572 7344 1573 7345 1574 7346 1575 7347 1576 7348 1577 7349 1578 7350 1579 7351 1580 7352 1581 7353 1582 7354 1583 7355 1584 7356 1585 7357 1586 7358 1587 7359 1588 7360 1589 7361 1590 7362 1591 7363 1592 7364 1593 7365 1594 7366 1595 7367 1596 7368 1597 7369 1598 7370 1599 7371 1600 7372 1601 7373 1602 7374 1603 7375 1604 7376 1605 7377 1606 7378 1607 7379 1608 7380 1609 7381 1610 7382 1611 7383 1612 7384 1613 7385 1614 7386 1615 7387 1616 7388 1617 7389 1618 7390 1619 7391 1620 7392 1621 7393 1622 7394 1623 7395 1624 7396 1625 7397 1626 7398 1627 7399 1628 7400 1629 7401 1630 7402 1631 7403 1632 7404 1633 7405 1634 7406 1635 7407 1636 7408 1637 7409 1638 7410 1639 7411 1640 7412 1641 7413 1642 7414 1643 7415 1644 7416 1645 7417 1646 7418 1647 7419 1648 7420 1649 7421 1650 7422 1651 7423 1652 7424 1653 7425 1654 7426 1655 7427 1656 7428 1657 7429 1658 7430 1659 7431 1660 7432 1661 7433 1662 7434 1663 7435 1664 7436 1665 7437 1666 7438 1667 7439 1668 7440 1669 7441 1670 7442 1671 7443 1672 7444 1673 7445 1674 7446 1675 7447 1676 7448 1677 7449 1678 7450 1679 7451 1680 7452 1681 7453 1682 7454 1683 7455 1684 7456 1685 7457 1686 7458 1687 7459 1688 7460 1689 7461 1690 7462 1691 7463 1692 7464 1693 7465 1694 7466 1695 7467 1696 7468 1697 7469 1698 7470 1699 7471 1700 7472 1701 7473 1702 7474 1703 7475 1704 7476 1705 7477 1706 7478 1707 7479 1708 7480 1709 7481 1710 7482 1711 7483 1712 7484 1713 7485 1714 7486 1715 7487 1716 7488 1717 7489 1718 7490 1719 7491 1720 7492 1721 7493 1722 7494 1723 7495 1724 7496 1725 7497 1726 7498 1727 7499 1728 7500 1729 7501 1730 7502 1731 7503 1732 7504 1733 7505 1734 7506 1735 7507 1736 7508 1737 7509 1738 7510 1739 7511 1740 7512 1741 7513 1742 7514 1743 7515 1744 7516 1745 7517 1746 7518 1747 7519 1748 7520 1749 7521 1750 7522 1751 7523 1752 7524 1753 7525 1754 7526 1755 7527 1756 7528 1757 7529 1758 7530 1759 7531 1760 7532 1761 7533 1762 7534 1763 7535 1764 7536 1765 7537 1766 7538 1767 7539 1768 7540 1769 7541 1770 7542 1771 7543 1772 7544 1773 7545 1774 7546 1775 7547 1776 7548 1777 7549 1778 7550 1779 7551 1780 7552 1781 7553 1782 7554 1783 7555 1784 7556 1785 7557 1786 7558 1787 7559 1788 7560 1789 7561 1790 7562 1791 7563 1792 7564 1793 7565 1794 7566 1795 7567 1796 7568 1797 7569 1798 7570 1799 7571 1800 7572 1801 7573 1802 7574 1803 7575 1804 7576 1805 7577 1806 7578 1807 7579 1808 7580 1809 7581 1810 7582 1811 7583 1812 7584 1813 7585 1814 7586 1815 7587 1816 7588 1817 7589 1818 7590 1819 7591 1820 7592 1821 7593 1822 7594 1823 7595 1824 7596 1825 7597 1826 7598 1827 7599 1828 7600 1829 7601 1830 7602 1831 7603 1832 7604 1833 7605 1834 7606 1835 7607 1836 7608 1837 7609 1838 7610 1839 7611 1840 7612 1841 7613 1842 7614 1843 7615 1844 7616 1845 7617 1846 7618 1847 7619 1848 7620 1849 7621 1850 7622 1851 7623 1852 7624 1853 7625 1854 7626 1855 7627 1856 7628 1857 7629 1858 7630 1859 7631 1860 7632 1861 7633 1862 7634 1863 7635 1864 7636 1865 7637 1866 7638 1867 7639 1868 7640 1869 7641 1870 7642 1871 7643 1872 7644 1873 7645 1874 7646 1875 7647 1876 7648 1877 7649 1878 7650 1879 7651 1880 7652 1881 7653 1882 7654 1883 7655 1884 7656 1885 7657 1886 7658 1887 7659 1888 7660 1889 7661 1890 7662 1891 7663 1892 7664 1893 7665 1894 7666 1895 7667 1896 7668 1897 7669 1898 7670 1899 7671 1900 7672 1901 7673 1902 7674 1903 7675 1904 7676 1905 7677 1906 7678 1907 7679 1908 7680 1909 7681 1910 7682 1911 7683 1912 7684 1913 7685 1914 7686 1915 7687 1916 7688 1917 7689 1918 7690 1919 7691 1920 7692 1921 7693 1922 7694 1923 7695 1924 7696 1925 7697 1926 7698 1927 7699 1928 7700 1929 7701 1930 7702 1931 7703 1932 7704 1933 7705 1934 7706 1935 7707 1936 7708 1937 7709 1938 7710 1939 7711 1940 7712 1941 7713 1942 7714 1943 7715 1944 7716 1945 7717 1946 7718 1947 7719 1948 7720 1949 7721 1950 7722 1951 7723 1952 7724 1953 7725 1954 7726 1955 7727 1956 7728 1957 7729 1958 7730 1959 7731 1960 7732 1961 7733 1962 7734 1963 7735 1964 7736 1965 7737 1966 7738 1967 7739 1968 7740 1969 7741 1970 7742 1971 7743 1972 7744 1973 7745 1974 7746 1975 7747 1976 7748 1977 7749 1978 7750 1979 7751 1980 7752 1981 7753 1982 7754 1983 7755 1984 7756 1985 7757 1986 7758 1987 7759 1988 7760 1989 7761 1990 7762 1991 7763 1992 7764 1993 7765 1994 7766 1995 7767 1996 7768 1997 7769 1998 7770 1999 7771 2000 7772 2001 7773 2002 7774 2003 7775 2004 7776 2005 7777 2006 7778 2007 7779 2008 7780 2009 7781 2010 7782 2011 7783 2012 7784 2013 7785 2014 7786 2015 7787 2016 7788 2017 7789 2018 7790 2019 7791 2020 7792 2021 7793 2022 7794 2023 7795 2024 7796 2025 7797 2026 7798 2027 7799 2028 7800 2029 7801 2030 7802 2031 7803 2032 7804 2033 7805 2034 7806 2035 7807 2036 7808 2037 7809 2038 7810 2039 7811 2040 7812 2041 7813 2042 7814 2043 7815 2044 7816 2045 7817 2046 7818 2047 7819 2048 7820 2049 7821 2050 7822 2051 7823 2052 7824 2053 7825 2054 7826 2055 7827 2056 7828 2057 7829 2058 7830 2059 7831 2060 7832 2061 7833 2062 7834 2063 7835 2064 7836 2065 7837 2066 7838 2067 7839 2068 7840 2069 7841 2070 7842 2071 7843 2072 7844 2073 7845 2074 7846 2075 7847 2076 7848 2077 7849 2078 7850 2079 7851 2080 7852 2081 7853 2082 7854 2083 7855 2084 7856 2085 7857 2086 7858 2087 7859 2088 7860 2089 7861 2090 7862 2091 7863 2092 7864 2093 7865 2094 7866 2095 7867 2096 7868 2097 7869 2098 7870 2099 7871 2100 7872 2101 7873 2102 7874 2103 7875 2104 7876 2105 7877 2106 7878 2107 7879 2108 7880 2109 7881 2110 7882 2111 7883 2112 7884 2113 7885 2114 7886 2115 7887 2116 7888 2117 7889 2118 7890 2119 7891 2120 7892 2121 7893 2122 7894 2123 7895 2124 7896 2125 7897 2126 7898 2127 7899 2128 7900 2129 7901 2130 7902 2131 7903 2132 7904 2133 7905 2134 7906 2135 7907 2136 7908 2137 7909 2138 7910 2139 7911 2140 7912 2141 7913 2142 7914 2143 7915 2144 7916 2145 7917 2146 7918 2147 7919 2148 7920 2149 7921 2150 7922 2151 7923 2152 7924 2153 7925 2154 7926 2155 7927 2156 7928 2157 7929 2158 7930 2159 7931 2160 7932 2161 7933 2162 7934 2163 7935 2164 7936 2165 7937 2166 7938 2167 7939 2168 7940 2169 7941 2170 7942 2171 7943 2172 7944 2173 7945 2174 7946 2175 7947 2176 7948 2177 7949 2178 7950 2179 7951 2180 7952 2181 7953 2182 7954 2183 7955 2184 7956 2185 7957 2186 7958 2187 7959 2188 7960 2189 7961 2190 7962 2191 7963 2192 7964 2193 7965 2194 7966 2195 7967 2196 7968 2197 7969 2198 7970 2199 7971 2200 7972 2201 7973 2202 7974 2203 7975 2204 7976 2205 7977 2206 7978 2207 7979 2208 7980 2209 7981 2210 7982 2211 7983 2212 7984 2213 7985 2214 7986 2215 7987 2216 7988 2217 7989 2218 7990 2219 7991 2220 7992 2221 7993 2222 7994 2223 7995 2224 7996 2225 7997 2226 7998 2227 7999 2228 8000 2229 8001 2230 8002 2231 8003 2232 8004 2233 8005 2234 8006 2235 8007 2236 8008 2237 8009 2238 8010 2239 8011 2240 8012 2241 8013 2242 8014 2243 8015 2244 8016 2245 8017 2246 8018 2247 8019 2248 8020 2249 8021 2250 8022 2251 8023 2252 8024 2253 8025 2254 8026 2255 8027 2256 8028 2257 8029 2258 8030 2259 8031 2260 8032 2261 8033 2262 8034 2263 8035 2264 8036 2265 8037 2266 8038 2267 8039 2268 8040 2269 8041 2270 8042 2271 8043 2272 8044 2273 8045 2274 8046 2275 8047 2276 8048 2277 8049 2278 8050 2279 8051 2280 8052 2281 8053 2282 8054 2283 8055 2284 8056 2285 8057 2286 8058 2287 8059 2288 8060 2289 8061 2290 8062 2291 8063 2292 8064 2293 8065 2294 8066 2295 8067 2296 8068 2297 8069 2298 8070 2299 8071 2300 8072 2301 8073 2302 8074 2303 8075 2304 8076 2305 8077 2306 8078 2307 8079 2308 8080 2309 8081 2310 8082 2311 8083 2312 8084 2313 8085 2314 8086 2315 8087 2316 8088 2317 8089 2318 8090 2319 8091 2320 8092 2321 8093 2322 8094 2323 8095 2324 8096 2325 8097 2326 8098 2327 8099 2328 8100 2329 8101 2330 8102 2331 8103 2332 8104 2333 8105 2334 8106 2335 8107 2336 8108 2337 8109 2338 8110 2339 8111 2340 8112 2341 8113 2342 8114 2343 8115 2344 8116 2345 8117 2346 8118 2347 8119 2348 8120 2349 8121 2350 8122 2351 8123 2352 8124 2353 8125 2354 8126 2355 8127 2356 8128 2357 8129 2358 8130 2359 8131 2360 8132 2361 8133 2362 8134 2363 8135 2364 8136 2365 8137 2366 8138 2367 8139 2368 8140 2369 8141 2370 8142 2371 8143 2372 8144 2373 8145 2374 8146 2375 8147 2376 8148 2377 8149 2378 8150 2379 8151 2380 8152 2381 8153 2382 8154 2383 8155 2384 8156 2385 8157 2386 8158 2387 8159 2388 8160 2389 8161 2390 8162 2391 8163 2392 8164 2393 8165 2394 8166 2395 8167 2396 8168 2397 8169 2398 8170 2399 8171 2400 8172 2401 8173 2402 8174 2403 8175 2404 8176 2405 8177 2406 8178 2407 8179 2408 8180 2409 8181 2410 8182 2411 8183 2412 8184 2413 8185 2414 8186 2415 8187 2416 8188 2417 8189 2418 8190 2419 8191 2420 8192 2421 8193 2422 8194 2423 8195 2424 8196 2425 8197 2426 8198 2427 8199 2428 8200 2429 8201 2430 8202 2431 8203 2432 8204 2433 8205 2434 8206 2435 8207 2436 8208 2437 8209 2438 8210 2439 8211 2440 8212 2441 8213 2442 8214 2443 8215 2444 8216 2445 8217 2446 8218 2447 8219 2448 8220 2449 8221 2450 8222 2451 8223 2452 8224 2453 8225 2454 8226 2455 8227 2456 8228 2457 8229 2458 8230 2459 8231 2460 8232 2461 8233 2462 8234 2463 8235 2464 8236 2465 8237 2466 8238 2467 8239 2468 8240 2469 8241 2470 8242 2471 8243 2472 8244 2473 8245 2474 8246 2475 8247 2476 8248 2477 8249 2478 8250 2479 8251 2480 8252 2481 8253 2482 8254 2483 8255 2484 8256 2485 8257 2486 8258 2487 8259 2488 8260 2489 8261 2490 8262 2491 8263 2492 8264 2493 8265 2494 8266 2495 8267 2496 8268 2497 8269 2498 8270 2499 8271 2500 8272 2501 8273 2502 8274 2503 8275 2504 8276 2505 8277 2506 8278 2507 8279 2508 8280 2509 8281 2510 8282 2511 8283 2512 8284 2513 8285 2514 8286 2515 8287 2516 8288 2517 8289 2518 8290 2519 8291 2520 8292 2521 8293 2522 8294 2523 8295 2524 8296 2525 8297 2526 8298 2527 8299 2528 8300 2529 8301 2530 8302 2531 8303 2532 8304 2533 8305 2534 8306 2535 8307 2536 8308 2537 8309 2538 8310 2539 8311 2540 8312 2541 8313 2542 8314 2543 8315 2544 8316 2545 8317 2546 8318 2547 8319 2548 8320 2549 8321 2550 8322 2551 8323 2552 8324 2553 8325 2554 8326 2555 8327 2556 8328 2557 8329 2558 8330 2559 8331 2560 8332 2561 8333 2562 8334 2563 8335 2564 8336 2565 8337 2566 8338 2567 8339 2568 8340 2569 8341 2570 8342 2571 8343 2572 8344 2573 8345 2574 8346 2575 8347 2576 8348 2577 8349 2578 8350 2579 8351 2580 8352 2581 8353 2582 8354 2583 8355 2584 8356 2585 8357 2586 8358 2587 8359 2588 8360 2589 8361 2590 8362 2591 8363 2592 8364 2593 8365 2594 8366 2595 8367 2596 8368 2597 8369 2598 8370 2599 8371 2600 8372 2601 8373 2602 8374 2603 8375 2604 8376 2605 8377 2606 8378 2607 8379 2608 8380 2609 8381 2610 8382 2611 8383 2612 8384 2613 8385 2614 8386 2615 8387 2616 8388 2617 8389 2618 8390 2619 8391 2620 8392 2621 8393 2622 8394 2623 8395 2624 8396 2625 8397 2626 8398 2627 8399 2628 8400 2629 8401 2630 8402 2631 8403 2632 8404 2633 8405 2634 8406 2635 8407 2636 8408 2637 8409 2638 8410 2639 8411 2640 8412 2641 8413 2642 8414 2643 8415 2644 8416 2645 8417 2646 8418 2647 8419 2648 8420 2649 8421 2650 8422 2651 8423 2652 8424 2653 8425 2654 8426 2655 8427 2656 8428 2657 8429 2658 8430 2659 8431 2660 8432 2661 8433 2662 8434 2663 8435 2664 8436 2665 8437 2666 8438 2667 8439 2668 8440 2669 8441 2670 8442 2671 8443 2672 8444 2673 8445 2674 8446 2675 8447 2676 8448 2677 8449 2678 8450 2679 8451 2680 8452 2681 8453 2682 8454 2683 8455 2684 8456 2685 8457 2686 8458 2687 8459 2688 8460 2689 8461 2690 8462 2691 8463 2692 8464 2693 8465 2694 8466 2695 8467 2696 8468 2697 8469 2698 8470 2699 8471 2700 8472 2701 8473 2702 8474 2703 8475 2704 8476 2705 8477 2706 8478 2707 8479 2708 8480 2709 8481 2710 8482 2711 8483 2712 8484 2713 8485 2714 8486 2715 8487 2716 8488 2717 8489 2718 8490 2719 8491 2720 8492 2721 8493 2722 8494 2723 8495 2724 8496 2725 8497 2726 8498 2727 8499 2728 8500 2729 8501 2730 8502 2731 8503 2732 8504 2733 8505 2734 8506 2735 8507 2736 8508 2737 8509 2738 8510 2739 8511 2740 8512 2741 8513 2742 8514 2743 8515 2744 8516 2745 8517 2746 8518 2747 8519 2748 8520 2749 8521 2750 8522 2751 8523 2752 8524 2753 8525 2754 8526 2755 8527 2756 8528 2757 8529 2758 8530 2759 8531 2760 8532 2761 8533 2762 8534 2763 8535 2764 8536 2765 8537 2766 8538 2767 8539 2768 8540 2769 8541 2770 8542 2771 8543 2772 8544 2773 8545 2774 8546 2775 8547 2776 8548 2777 8549 2778 8550 2779 8551 2780 8552 2781 8553 2782 8554 2783 8555 2784 8556 2785 8557 2786 8558 2787 8559 2788 8560 2789 8561 2790 8562 2791 8563 2792 8564 2793 8565 2794 8566 2795 8567 2796 8568 2797 8569 2798 8570 2799 8571 2800 8572 2801 8573 2802 8574 2803 8575 2804 8576 2805 8577 2806 8578 2807 8579 2808 8580 2809 8581 2810 8582 2811 8583 2812 8584 2813 8585 2814 8586 2815 8587 2816 8588 2817 8589 2818 8590 2819 8591 2820 8592 2821 8593 2822 8594 2823 8595 2824 8596 2825 8597 2826 8598 2827 8599 2828 8600 2829 8601 2830 8602 2831 8603 2832 8604 2833 8605 2834 8606 2835 8607 2836 8608 2837 8609 2838 8610 2839 8611 2840 8612 2841 8613 2842 8614 2843 8615 2844 8616 2845 8617 2846 8618 2847 8619 2848 8620 2849 8621 2850 8622 2851 8623 2852 8624 2853 8625 2854 8626 2855 8627 2856 8628 2857 8629 2858 8630 2859 8631 2860 8632 2861 8633 2862 8634 2863 8635 2864 8636 2865 8637 2866 8638 2867 8639 2868 8640 2869 8641 2870 8642 2871 8643 2872 8644 2873 8645 2874 8646 2875 8647 2876 8648 2877 8649 2878 8650 2879 8651 2880 8652 2881 8653 2882 8654 2883 8655 2884 8656 2885 8657 2886 8658 2887 8659 2888 8660 2889 8661 2890 8662 2891 8663 2892 8664 2893 8665 2894 8666 2895 8667 2896 8668 2897 8669 2898 8670 2899 8671 2900 8672 2901 8673 2902 8674 2903 8675 2904 8676 2905 8677 2906 8678 2907 8679 2908 8680 2909 8681 2910 8682 2911 8683 2912 8684 2913 8685 2914 8686 2915 8687 2916 8688 2917 8689 2918 8690 2919 8691 2920 8692 2921 8693 2922 8694 2923 8695 2924 8696 2925 8697 2926 8698 2927 8699 2928 8700 2929 8701 2930 8702 2931 8703 2932 8704 2933 8705 2934 8706 2935 8707 2936 8708 2937 8709 2938 8710 2939 8711 2940 8712 2941 8713 2942 8714 2943 8715 2944 8716 2945 8717 2946 8718 2947 8719 2948 8720 2949 8721 2950 8722 2951 8723 2952 8724 2953 8725 2954 8726 2955 8727 2956 8728 2957 8729 2958 8730 2959 8731 2960 8732 2961 8733 2962 8734 2963 8735 2964 8736 2965 8737 2966 8738 2967 8739 2968 8740 2969 8741 2970 8742 2971 8743 2972 8744 2973 8745 2974 8746 2975 8747 2976 8748 2977 8749 2978 8750 2979 8751 2980 8752 2981 8753 2982 8754 2983 8755 2984 8756 2985 8757 2986 8758 2987 8759 2988 8760 2989 8761 2990 8762 2991 8763 2992 8764 2993 8765 2994 8766 2995 8767 2996 8768 2997 8769 2998 8770 2999 8771 3000 8772 3001 8773 3002 8774 3003 8775 3004 8776 3005 8777 3006 8778 3007 8779 3008 8780 3009 8781 3010 8782 3011 8783 3012 8784 3013 8785 3014 8786 3015 8787 3016 8788 3017 8789 3018 8790 3019 8791 3020 8792 3021 8793 3022 8794 3023 8795 3024 8796 3025 8797 3026 8798 3027 8799 3028 8800 3029 8801 3030 8802 3031 8803 3032 8804 3033 8805 3034 8806 3035 8807 3036 8808 3037 8809 3038 8810 3039 8811 3040 8812 3041 8813 3042 8814 3043 8815 3044 8816 3045 8817 3046 8818 3047 8819 3048 8820 3049 8821 3050 8822 3051 8823 3052 8824 3053 8825 3054 8826 3055 8827 3056 8828 3057 8829 3058 8830 3059 8831 3060 8832 3061 8833 3062 8834 3063 8835 3064 8836 3065 8837 3066 8838 3067 8839 3068 8840 3069 8841 3070 8842 3071 8843 3072 8844 3073 8845 3074 8846 3075 8847 3076 8848 3077 8849 3078 8850 3079 8851 3080 8852 3081 8853 3082 8854 3083 8855 3084 8856 3085 8857 3086 8858 3087 8859 3088 8860 3089 8861 3090 8862 3091 8863 3092 8864 3093 8865 3094 8866 3095 8867 3096 8868 3097 8869 3098 8870 3099 8871 3100 8872 3101 8873 3102 8874 3103 8875 3104 8876 3105 8877 3106 8878 3107 8879 3108 8880 3109 8881 3110 8882 3111 8883 3112 8884 3113 8885 3114 8886 3115 8887 3116 8888 3117 8889 3118 8890 3119 8891 3120 8892 3121 8893 3122 8894 3123 8895 3124 8896 3125 8897 3126 8898 3127 8899 3128 8900 3129 8901 3130 8902 3131 8903 3132 8904 3133 8905 3134 8906 3135 8907 3136 8908 3137 8909 3138 8910 3139 8911 3140 8912 3141 8913 3142 8914 3143 8915 3144 8916 3145 8917 3146 8918 3147 8919 3148 8920 3149 8921 3150 8922 3151 8923 3152 8924 3153 8925 3154 8926 3155 8927 3156 8928 3157 8929 3158 8930 3159 8931 3160 8932 3161 8933 3162 8934 3163 8935 3164 8936 3165 8937 3166 8938 3167 8939 3168 8940 3169 8941 3170 8942 3171 8943 3172 8944 3173 8945 3174 8946 3175 8947 3176 8948 3177 8949 3178 8950 3179 8951 3180 8952 3181 8953 3182 8954 3183 8955 3184 8956 3185 8957 3186 8958 3187 8959 3188 8960 3189 8961 3190 8962 3191 8963 3192 8964 3193 8965 3194 8966 3195 8967 3196 8968 3197 8969 3198 8970 3199 8971 3200 8972 3201 8973 3202 8974 3203 8975 3204 8976 3205 8977 3206 8978 3207 8979 3208 8980 3209 8981 3210 8982 3211 8983 3212 8984 3213 8985 3214 8986 3215 8987 3216 8988 3217 8989 3218 8990 3219 8991 3220 8992 3221 8993 3222 8994 3223 8995 3224 8996 3225 8997 3226 8998 3227 8999 3228 9000 3229 9001 3230 9002 3231 9003 3232 9004 3233 9005 3234 9006 3235 9007 3236 9008 3237 9009 3238 9010 3239 9011 3240 9012 3241 9013 3242 9014 3243 9015 3244 9016 3245 9017 3246 9018 3247 9019 3248 9020 3249 9021 3250 9022 3251 9023 3252 9024 3253 9025 3254 9026 3255 9027 3256 9028 3257 9029 3258 9030 3259 9031 3260 9032 3261 9033 3262 9034 3263 9035 3264 9036 3265 9037 3266 9038 3267 9039 3268 9040 3269 9041 3270 9042 3271 9043 3272 9044 3273 9045 3274 9046 3275 9047 3276 9048 3277 9049 3278 9050 3279 9051 3280 9052 3281 9053 3282 9054 3283 9055 3284 9056 3285 9057 3286 9058 3287 9059 3288 9060 3289 9061 3290 9062 3291 9063 3292 9064 3293 9065 3294 9066 3295 9067 3296 9068 3297 9069 3298 9070 3299 9071 3300 9072 3301 9073 3302 9074 3303 9075 3304 9076 3305 9077 3306 9078 3307 9079 3308 9080 3309 9081 3310 9082 3311 9083 3312 9084 3313 9085 3314 9086 3315 9087 3316 9088 3317 9089 3318 9090 3319 9091 3320 9092 3321 9093 3322 9094 3323 9095 3324 9096 3325 9097 3326 9098 3327 9099 3328 9100 3329 9101 3330 9102 3331 9103 3332 9104 3333 9105 3334 9106 3335 9107 3336 9108 3337 9109 3338 9110 3339 9111 3340 9112 3341 9113 3342 9114 3343 9115 3344 9116 3345 9117 3346 9118 3347 9119 3348 9120 3349 9121 3350 9122 3351 9123 3352 9124 3353 9125 3354 9126 3355 9127 3356 9128 3357 9129 3358 9130 3359 9131 3360 9132 3361 9133 3362 9134 3363 9135 3364 9136 3365 9137 3366 9138 3367 9139 3368 9140 3369 9141 3370 9142 3371 9143 3372 9144 3373 9145 3374 9146 3375 9147 3376 9148 3377 9149 3378 9150 3379 9151 3380 9152 3381 9153 3382 9154 3383 9155 3384 9156 3385 9157 3386 9158 3387 9159 3388 9160 3389 9161 3390 9162 3391 9163 3392 9164 3393 9165 3394 9166 3395 9167 3396 9168 3397 9169 3398 9170 3399 9171 3400 9172 3401 9173 3402 9174 3403 9175 3404 9176 3405 9177 3406 9178 3407 9179 3408 9180 3409 9181 3410 9182 3411 9183 3412 9184 3413 9185 3414 9186 3415 9187 3416 9188 3417 9189 3418 9190 3419 9191 3420 9192 3421 9193 3422 9194 3423 9195 3424 9196 3425 9197 3426 9198 3427 9199 3428 9200 3429 9201 3430 9202 3431 9203 3432 9204 3433 9205 3434 9206 3435 9207 3436 9208 3437 9209 3438 9210 3439 9211 3440 9212 3441 9213 3442 9214 3443 9215 3444 9216 3445 9217 3446 9218 3447 9219 3448 9220 3449 9221 3450 9222 3451 9223 3452 9224 3453 9225 3454 9226 3455 9227 3456 9228 3457 9229 3458 9230 3459 9231 3460 9232 3461 9233 3462 9234 3463 9235 3464 9236 3465 9237 3466 9238 3467 9239 3468 9240 3469 9241 3470 9242 3471 9243 3472 9244 3473 9245 3474 9246 3475 9247 3476 9248 3477 9249 3478 9250 3479 9251 3480 9252 3481 9253 3482 9254 3483 9255 3484 9256 3485 9257 3486 9258 3487 9259 3488 9260 3489 9261 3490 9262 3491 9263 3492 9264 3493 9265 3494 9266 3495 9267 3496 9268 3497 9269 3498 9270 3499 9271 3500 9272 3501 9273 3502 9274 3503 9275 3504 9276 3505 9277 3506 9278 3507 9279 3508 9280 3509 9281 3510 9282 3511 9283 3512 9284 3513 9285 3514 9286 3515 9287 3516 9288 3517 9289 3518 9290 3519 9291 3520 9292 3521 9293 3522 9294 3523 9295 3524 9296 3525 9297 3526 9298 3527 9299 3528 9300 3529 9301 3530 9302 3531 9303 3532 9304 3533 9305 3534 9306 3535 9307 3536 9308 3537 9309 3538 9310 3539 9311 3540 9312 3541 9313 3542 9314 3543 9315 3544 9316 3545 9317 3546 9318 3547 9319 3548 9320 3549 9321 3550 9322 3551 9323 3552 9324 3553 9325 3554 9326 3555 9327 3556 9328 3557 9329 3558 9330 3559 9331 3560 9332 3561 9333 3562 9334 3563 9335 3564 9336 3565 9337 3566 9338 3567 9339 3568 9340 3569 9341 3570 9342 3571 9343 3572 9344 3573 9345 3574 9346 3575 9347 3576 9348 3577 9349 3578 9350 3579 9351 3580 9352 3581 9353 3582 9354 3583 9355 3584 9356 3585 9357 3586 9358 3587 9359 3588 9360 3589 9361 3590 9362 3591 9363 3592 9364 3593 9365 3594 9366 3595 9367 3596 9368 3597 9369 3598 9370 3599 9371 3600 9372 3601 9373 3602 9374 3603 9375 3604 9376 3605 9377 3606 9378 3607 9379 3608 9380 3609 9381 3610 9382 3611 9383 3612 9384 3613 9385 3614 9386 3615 9387 3616 9388 3617 9389 3618 9390 3619 9391 3620 9392 3621 9393 3622 9394 3623 9395 3624 9396 3625 9397 3626 9398 3627 9399 3628 9400 3629 9401 3630 9402 3631 9403 3632 9404 3633 9405 3634 9406 3635 9407 3636 9408 3637 9409 3638 9410 3639 9411 3640 9412 3641 9413 3642 9414 3643 9415 3644 9416 3645 9417 3646 9418 3647 9419 3648 9420 3649 9421 3650 9422 3651 9423 3652 9424 3653 9425 3654 9426 3655 9427 3656 9428 3657 9429 3658 9430 3659 9431 3660 9432 3661 9433 3662 9434 3663 9435 3664 9436 3665 9437 3666 9438 3667 9439 3668 9440 3669 9441 3670 9442 3671 9443 3672 9444 3673 9445 3674 9446 3675 9447 3676 9448 3677 9449 3678 9450 3679 9451 3680 9452 3681 9453 3682 9454 3683 9455 3684 9456 3685 9457 3686 9458 3687 9459 3688 9460 3689 9461 3690 9462 3691 9463 3692 9464 3693 9465 3694 9466 3695 9467 3696 9468 3697 9469 3698 9470 3699 9471 3700 9472 3701 9473 3702 9474 3703 9475 3704 9476 3705 9477 3706 9478 3707 9479 3708 9480 3709 9481 3710 9482 3711 9483 3712 9484 3713 9485 3714 9486 3715 9487 3716 9488 3717 9489 3718 9490 3719 9491 3720 9492 3721 9493 3722 9494 3723 9495 3724 9496 3725 9497 3726 9498 3727 9499 3728 9500 3729 9501 3730 9502 3731 9503 3732 9504 3733 9505 3734 9506 3735 9507 3736 9508 3737 9509 3738 9510 3739 9511 3740 9512 3741 9513 3742 9514 3743 9515 3744 9516 3745 9517 3746 9518 3747 9519 3748 9520 3749 9521 3750 9522 3751 9523 3752 9524 3753 9525 3754 9526 3755 9527 3756 9528 3757 9529 3758 9530 3759 9531 3760 9532 3761 9533 3762 9534 3763 9535 3764 9536 3765 9537 3766 9538 3767 9539 3768 9540 3769 9541 3770 9542 3771 9543 3772 9544 3773 9545 3774 9546 3775 9547 3776 9548 3777 9549 3778 9550 3779 9551 3780 9552 3781 9553 3782 9554 3783 9555 3784 9556 3785 9557 3786 9558 3787 9559 3788 9560 3789 9561 3790 9562 3791 9563 3792 9564 3793 9565 3794 9566 3795 9567 3796 9568 3797 9569 3798 9570 3799 9571 3800 9572 3801 9573 3802 9574 3803 9575 3804 9576 3805 9577 3806 9578 3807 9579 3808 9580 3809 9581 3810 9582 3811 9583 3812 9584 3813 9585 3814 9586 3815 9587 3816 9588 3817 9589 3818 9590 3819 9591 3820 9592 3821 9593 3822 9594 3823 9595 3824 9596 3825 9597 3826 9598 3827 9599 3828 9600 3829 9601 3830 9602 3831 9603 3832 9604 3833 9605 3834 9606 3835 9607 3836 9608 3837 9609 3838 9610 3839 9611 3840 9612 3841 9613 3842 9614 3843 9615 3844 9616 3845 9617 3846 9618 3847 9619 3848 9620 3849 9621 3850 9622 3851 9623 3852 9624 3853 9625 3854 9626 3855 9627 3856 9628 3857 9629 3858 9630 3859 9631 3860 9632 3861 9633 3862 9634 3863 9635 3864 9636 3865 9637 3866 9638 3867 9639 3868 9640 3869 9641 3870 9642 3871 9643 3872 9644 3873 9645 3874 9646 3875 9647 3876 9648 3877 9649 3878 9650 3879 9651 3880 9652 3881 9653 3882 9654 3883 9655 3884 9656 3885 9657 3886 9658 3887 9659 3888 9660 3889 9661 3890 9662 3891 9663 3892 9664 3893 9665 3894 9666 3895 9667 3896 9668 3897 9669 3898 9670 3899 9671 3900 9672 3901 9673 3902 9674 3903 9675 3904 9676 3905 9677 3906 9678 3907 9679 3908 9680 3909 9681 3910 9682 3911 9683 3912 9684 3913 9685 3914 9686 3915 9687 3916 9688 3917 9689 3918 9690 3919 9691 3920 9692 3921 9693 3922 9694 3923 9695 3924 9696 3925 9697 3926 9698 3927 9699 3928 9700 3929 9701 3930 9702 3931 9703 3932 9704 3933 9705 3934 9706 3935 9707 3936 9708 3937 9709 3938 9710 3939 9711 3940 9712 3941 9713 3942 9714 3943 9715 3944 9716 3945 9717 3946 9718 3947 9719 3948 9720 3949 9721 3950 9722 3951 9723 3952 9724 3953 9725 3954 9726 3955 9727 3956 9728 3957 9729 3958 9730 3959 9731 3960 9732 3961 9733 3962 9734 3963 9735 3964 9736 3965 9737 3966 9738 3967 9739 3968 9740 3969 9741 3970 9742 3971 9743 3972 9744 3973 9745 3974 9746 3975 9747 3976 9748 3977 9749 3978 9750 3979 9751 3980 9752 3981 9753 3982 9754 3983 9755 3984 9756 3985 9757 3986 9758 3987 9759 3988 9760 3989 9761 3990 9762 3991 9763 3992 9764 3993 9765 3994 9766 3995 9767 3996 9768 3997 9769 3998 9770 3999 9771 4000 9772 4001 9773 4002 9774 4003 9775 4004 9776 4005 9777 4006 9778 4007 9779 4008 9780 4009 9781 4010 9782 4011 9783 4012 9784 4013 9785 4014 9786 4015 9787 4016 9788 4017 9789 4018 9790 4019 9791 4020 9792 4021 9793 4022 9794 4023 9795 4024 9796 4025 9797 4026 9798 4027 9799 4028 9800 4029 9801 4030 9802 4031 9803 4032 9804 4033 9805 4034 9806 4035 9807 4036 9808 4037 9809 4038 9810 4039 9811 4040 9812 4041 9813 4042 9814 4043 9815 4044 9816 4045 9817 4046 9818 4047 9819 4048 9820 4049 9821 4050 9822 4051 9823 4052 9824 4053 9825 4054 9826 4055 9827 4056 9828 4057 9829 4058 9830 4059 9831 4060 9832 4061 9833 4062 9834 4063 9835 4064 9836 4065 9837 4066 9838 4067 9839 4068 9840 4069 9841 4070 9842 4071 9843 4072 9844 4073 9845 4074 9846 4075 9847 4076 9848 4077 9849 4078 9850 4079 9851 4080 9852 4081 9853 4082 9854 4083 9855 4084 9856 4085 9857 4086 9858 4087 9859 4088 9860 4089 9861 4090 9862 4091 9863 4092 9864 4093 9865 4094 9866 4095 9867 4096 9868 4097 9869 4098 9870 4099 9871 4100 9872 4101 9873 4102 9874 4103 9875 4104 9876 4105 9877 4106 9878 4107 9879 4108 9880 4109 9881 4110 9882 4111 9883 4112 9884 4113 9885 4114 9886 4115 9887 4116 9888 4117 9889 4118 9890 4119 9891 4120 9892 4121 9893 4122 9894 4123 9895 4124 9896 4125 9897 4126 9898 4127 9899 4128 9900 4129 9901 4130 9902 4131 9903 4132 9904 4133 9905 4134 9906 4135 9907 4136 9908 4137 9909 4138 9910 4139 9911 4140 9912 4141 9913 4142 9914 4143 9915 4144 9916 4145 9917 4146 9918 4147 9919 4148 9920 4149 9921 4150 9922 4151 9923 4152 9924 4153 9925 4154 9926 4155 9927 4156 9928 4157 9929 4158 9930 4159 9931 4160 9932 4161 9933 4162 9934 4163 9935 4164 9936 4165 9937 4166 9938 4167 9939 4168 9940 4169 9941 4170 9942 4171 9943 4172 9944 4173 9945 4174 9946 4175 9947 4176 9948 4177 9949 4178 9950 4179 9951 4180 9952 4181 9953 4182 9954 4183 9955 4184 9956 4185 9957 4186 9958 4187 9959 4188 9960 4189 9961 4190 9962 4191 9963 4192 9964 4193 9965 4194 9966 4195 9967 4196 9968 4197 9969 4198 9970 4199 9971 4200 9972 4201 9973 4202 9974 4203 9975 4204 9976 4205 9977 4206 9978 4207 9979 4208 9980 4209 9981 4210 9982 4211 9983 4212 9984 4213 9985 4214 9986 4215 9987 4216 9988 4217 9989 4218 9990 4219 9991 4220 9992 4221 9993 4222 9994 4223 9995 4224 9996 4225 9997 4226 9998 4227 9999 4228 10000 4229 10001 4230 10002 4231 10003 4232 10004 4233 10005 4234 10006 4235 10007 4236 10008 4237 10009 4238 10010 4239 10011 4240 10012 4241 10013 4242 10014 4243 10015 4244 10016 4245 10017 4246 10018 4247 10019 4248 10020 4249 10021 4250 10022 4251 10023 4252 10024 4253 10025 4254 10026 4255 10027 4256 10028 4257 10029 4258 10030 4259 10031 4260 10032 4261 10033 4262 10034 4263 10035 4264 10036 4265 10037 4266 10038 4267 10039 4268 10040 4269 10041 4270 10042 4271 10043 4272 10044 4273 10045 4274 10046 4275 10047 4276 10048 4277 10049 4278 10050 4279 10051 4280 10052 4281 10053 4282 10054 4283 10055 4284 10056 4285 10057 4286 10058 4287 10059 4288 10060 4289 10061 4290 10062 4291 10063 4292 10064 4293 10065 4294 10066 4295 10067 4296 10068 4297 10069 4298 10070 4299 10071 4300 10072 4301 10073 4302 10074 4303 10075 4304 10076 4305 10077 4306 10078 4307 10079 4308 10080 4309 10081 4310 10082 4311 10083 4312 10084 4313 10085 4314 10086 4315 10087 4316 10088 4317 10089 4318 10090 4319 10091 4320 10092 4321 10093 4322 10094 4323 10095 4324 10096 4325 10097 4326 10098 4327 10099 4328 10100 4329 10101 4330 10102 4331 10103 4332 10104 4333 10105 4334 10106 4335 10107 4336 10108 4337 10109 4338 10110 4339 10111 4340 10112 4341 10113 4342 10114 4343 10115 4344 10116 4345 10117 4346 10118 4347 10119 4348 10120 4349 10121 4350 10122 4351 10123 4352 10124 4353 10125 4354 10126 4355 10127 4356 10128 4357 10129 4358 10130 4359 10131 4360 10132 4361 10133 4362 10134 4363 10135 4364 10136 4365 10137 4366 10138 4367 10139 4368 10140 4369 10141 4370 10142 4371 10143 4372 10144 4373 10145 4374 10146 4375 10147 4376 10148 4377 10149 4378 10150 4379 10151 4380 10152 4381 10153 4382 10154 4383 10155 4384 10156 4385 10157 4386 10158 4387 10159 4388 10160 4389 10161 4390 10162 4391 10163 4392 10164 4393 10165 4394 10166 4395 10167 4396 10168 4397 10169 4398 10170 4399 10171 4400 10172 4401 10173 4402 10174 4403 10175 4404 10176 4405 10177 4406 10178 4407 10179 4408 10180 4409 10181 4410 10182 4411 10183 4412 10184 4413 10185 4414 10186 4415 10187 4416 10188 4417 10189 4418 10190 4419 10191 4420 10192 4421 10193 4422 10194 4423 10195 4424 10196 4425 10197 4426 10198 4427 10199 4428 10200 4429 10201 4430 10202 4431 10203 4432 10204 4433 10205 4434 10206 4435 10207 4436 10208 4437 10209 4438 10210 4439 10211 4440 10212 4441 10213 4442 10214 4443 10215 4444 10216 4445 10217 4446 10218 4447 10219 4448 10220 4449 10221 4450 10222 4451 10223 4452 10224 4453 10225 4454 10226 4455 10227 4456 10228 4457 10229 4458 10230 4459 10231 4460 10232 4461 10233 4462 10234 4463 10235 4464 10236 4465 10237 4466 10238 4467 10239 4468 10240 4469 10241 4470 10242 4471 10243 4472 10244 4473 10245 4474 10246 4475 10247 4476 10248 4477 10249 4478 10250 4479 10251 4480 10252 4481 10253 4482 10254 4483 10255 4484 10256 4485 10257 4486 10258 4487 10259 4488 10260 4489 10261 4490 10262 4491 10263 4492 10264 4493 10265 4494 10266 4495 10267 4496 10268 4497 10269 4498 10270 4499 10271 4500 10272 4501 10273 4502 10274 4503 10275 4504 10276 4505 10277 4506 10278 4507 10279 4508 10280 4509 10281 4510 10282 4511 10283 4512 10284 4513 10285 4514 10286 4515 10287 4516 10288 4517 10289 4518 10290 4519 10291 4520 10292 4521 10293 4522 10294 4523 10295 4524 10296 4525 10297 4526 10298 4527 10299 4528 10300 4529 10301 4530 10302 4531 10303 4532 10304 4533 10305 4534 10306 4535 10307 4536 10308 4537 10309 4538 10310 4539 10311 4540 10312 4541 10313 4542 10314 4543 10315 4544 10316 4545 10317 4546 10318 4547 10319 4548 10320 4549 10321 4550 10322 4551 10323 4552 10324 4553 10325 4554 10326 4555 10327 4556 10328 4557 10329 4558 10330 4559 10331 4560 10332 4561 10333 4562 10334 4563 10335 4564 10336 4565 10337 4566 10338 4567 10339 4568 10340 4569 10341 4570 10342 4571 10343 4572 10344 4573 10345 4574 10346 4575 10347 4576 10348 4577 10349 4578 10350 4579 10351 4580 10352 4581 10353 4582 10354 4583 10355 4584 10356 4585 10357 4586 10358 4587 10359 4588 10360 4589 10361 4590 10362 4591 10363 4592 10364 4593 10365 4594 10366 4595 10367 4596 10368 4597 10369 4598 10370 4599 10371 4600 10372 4601 10373 4602 10374 4603 10375 4604 10376 4605 10377 4606 10378 4607 10379 4608 10380 4609 10381 4610 10382 4611 10383 4612 10384 4613 10385 4614 10386 4615 10387 4616 10388 4617 10389 4618 10390 4619 10391 4620 10392 4621 10393 4622 10394 4623 10395 4624 10396 4625 10397 4626 10398 4627 10399 4628 10400 4629 10401 4630 10402 4631 10403 4632 10404 4633 10405 4634 10406 4635 10407 4636 10408 4637 10409 4638 10410 4639 10411 4640 10412 4641 10413 4642 10414 4643 10415 4644 10416 4645 10417 4646 10418 4647 10419 4648 10420 4649 10421 4650 10422 4651 10423 4652 10424 4653 10425 4654 10426 4655 10427 4656 10428 4657 10429 4658 10430 4659 10431 4660 10432 4661 10433 4662 10434 4663 10435 4664 10436 4665 10437 4666 10438 4667 10439 4668 10440 4669 10441 4670 10442 4671 10443 4672 10444 4673 10445 4674 10446 4675 10447 4676 10448 4677 10449 4678 10450 4679 10451 4680 10452 4681 10453 4682 10454 4683 10455 4684 10456 4685 10457 4686 10458 4687 10459 4688 10460 4689 10461 4690 10462 4691 10463 4692 10464 4693 10465 4694 10466 4695 10467 4696 10468 4697 10469 4698 10470 4699 10471 4700 10472 4701 10473 4702 10474 4703 10475 4704 10476 4705 10477 4706 10478 4707 10479 4708 10480 4709 10481 4710 10482 4711 10483 4712 10484 4713 10485 4714 10486 4715 10487 4716 10488 4717 10489 4718 10490 4719 10491 4720 10492 4721 10493 4722 10494 4723 10495 4724 10496 4725 10497 4726 10498 4727 10499 4728 10500 4729 10501 4730 10502 4731 10503 4732 10504 4733 10505 4734 10506 4735 10507 4736 10508 4737 10509 4738 10510 4739 10511 4740 10512 4741 10513 4742 10514 4743 10515 4744 10516 4745 10517 4746 10518 4747 10519 4748 10520 4749 10521 4750 10522 4751 10523 4752 10524 4753 10525 4754 10526 4755 10527 4756 10528 4757 10529 4758 10530 4759 10531 4760 10532 4761 10533 4762 10534 4763 10535 4764 10536 4765 10537 4766 10538 4767 10539 4768 10540 4769 10541 4770 10542 4771 10543 4772 10544 4773 10545 4774 10546 4775 10547 4776 10548 4777 10549 4778 10550 4779 10551 4780 10552 4781 10553 4782 10554 4783 10555 4784 10556 4785 10557 4786 10558 4787 10559 4788 10560 4789 10561 4790 10562 4791 10563 4792 10564 4793 10565 4794 10566 4795 10567 4796 10568 4797 10569 4798 10570 4799 10571 4800 10572 4801 10573 4802 10574 4803 10575 4804 10576 4805 10577 4806 10578 4807 10579 4808 10580 4809 10581 4810 10582 4811 10583 4812 10584 4813 10585 4814 10586 4815 10587 4816 10588 4817 10589 4818 10590 4819 10591 4820 10592 4821 10593 4822 10594 4823 10595 4824 10596 4825 10597 4826 10598 4827 10599 4828 10600 4829 10601 4830 10602 4831 10603 4832 10604 4833 10605 4834 10606 4835 10607 4836 10608 4837 10609 4838 10610 4839 10611 4840 10612 4841 10613 4842 10614 4843 10615 4844 10616 4845 10617 4846 10618 4847 10619 4848 10620 4849 10621 4850 10622 4851 10623 4852 10624 4853 10625 4854 10626 4855 10627 4856 10628 4857 10629 4858 10630 4859 10631 4860 10632 4861 10633 4862 10634 4863 10635 4864 10636 4865 10637 4866 10638 4867 10639 4868 10640 4869 10641 4870 10642 4871 10643 4872 10644 4873 10645 4874 10646 4875 10647 4876 10648 4877 10649 4878 10650 4879 10651 4880 10652 4881 10653 4882 10654 4883 10655 4884 10656 4885 10657 4886 10658 4887 10659 4888 10660 4889 10661 4890 10662 4891 10663 4892 10664 4893 10665 4894 10666 4895 10667 4896 10668 4897 10669 4898 10670 4899 10671 4900 10672 4901 10673 4902 10674 4903 10675 4904 10676 4905 10677 4906 10678 4907 10679 4908 10680 4909 10681 4910 10682 4911 10683 4912 10684 4913 10685 4914 10686 4915 10687 4916 10688 4917 10689 4918 10690 4919 10691 4920 10692 4921 10693 4922 10694 4923 10695 4924 10696 4925 10697 4926 10698 4927 10699 4928 10700 4929 10701 4930 10702 4931 10703 4932 10704 4933 10705 4934 10706 4935 10707 4936 10708 4937 10709 4938 10710 4939 10711 4940 10712 4941 10713 4942 10714 4943 10715 4944 10716 4945 10717 4946 10718 4947 10719 4948 10720 4949 10721 4950 10722 4951 10723 4952 10724 4953 10725 4954 10726 4955 10727 4956 10728 4957 10729 4958 10730 4959 10731 4960 10732 4961 10733 4962 10734 4963 10735 4964 10736 4965 10737 4966 10738 4967 10739 4968 10740 4969 10741 4970 10742 4971 10743 4972 10744 4973 10745 4974 10746 4975 10747 4976 10748 4977 10749 4978 10750 4979 10751 4980 10752 4981 10753 4982 10754 4983 10755 4984 10756 4985 10757 4986 10758 4987 10759 4988 10760 4989 10761 4990 10762 4991 10763 4992 10764 4993 10765 4994 10766 4995 10767 4996 10768 4997 10769 4998 10770 4999 10771 5000 10772 5001 10773 5002 10774 5003 10775 5004 10776 5005 10777 5006 10778 5007 10779 5008 10780 5009 10781 5010 10782 5011 10783 5012 10784 5013 10785 5014 10786 5015 10787 5016 10788 5017 10789 5018 10790 5019 10791 5020 10792 5021 10793 5022 10794 5023 10795 5024 10796 5025 10797 5026 10798 5027 10799 5028 10800 5029 10801 5030 10802 5031 10803 5032 10804 5033 10805 5034 10806 5035 10807 5036 10808 5037 10809 5038 10810 5039 10811 5040 10812 5041 10813 5042 10814 5043 10815 5044 10816 5045 10817 5046 10818 5047 10819 5048 10820 5049 10821 5050 10822 5051 10823 5052 10824 5053 10825 5054 10826 5055 10827 5056 10828 5057 10829 5058 10830 5059 10831 5060 10832 5061 10833 5062 10834 5063 10835 5064 10836 5065 10837 5066 10838 5067 10839 5068 10840 5069 10841 5070 10842 5071 10843 5072 10844 5073 10845 5074 10846 5075 10847 5076 10848 5077 10849 5078 10850 5079 10851 5080 10852 5081 10853 5082 10854 5083 10855 5084 10856 5085 10857 5086 10858 5087 10859 5088 10860 5089 10861 5090 10862 5091 10863 5092 10864 5093 10865 5094 10866 5095 10867 5096 10868 5097 10869 5098 10870 5099 10871 5100 10872 5101 10873 5102 10874 5103 10875 5104 10876 5105 10877 5106 10878 5107 10879 5108 10880 5109 10881 5110 10882 5111 10883 5112 10884 5113 10885 5114 10886 5115 10887 5116 10888 5117 10889 5118 10890 5119 10891 5120 10892 5121 10893 5122 10894 5123 10895 5124 10896 5125 10897 5126 10898 5127 10899 5128 10900 5129 10901 5130 10902 5131 10903 5132 10904 5133 10905 5134 10906 5135 10907 5136 10908 5137 10909 5138 10910 5139 10911 5140 10912 5141 10913 5142 10914 5143 10915 5144 10916 5145 10917 5146 10918 5147 10919 5148 10920 5149 10921 5150 10922 5151 10923 5152 10924 5153 10925 5154 10926 5155 10927 5156 10928 5157 10929 5158 10930 5159 10931 5160 10932 5161 10933 5162 10934 5163 10935 5164 10936 5165 10937 5166 10938 5167 10939 5168 10940 5169 10941 5170 10942 5171 10943 5172 10944 5173 10945 5174 10946 5175 10947 5176 10948 5177 10949 5178 10950 5179 10951 5180 10952 5181 10953 5182 10954 5183 10955 5184 10956 5185 10957 5186 10958 5187 10959 5188 10960 5189 10961 5190 10962 5191 10963 5192 10964 5193 10965 5194 10966 5195 10967 5196 10968 5197 10969 5198 10970 5199 10971 5200 10972 5201 10973 5202 10974 5203 10975 5204 10976 5205 10977 5206 10978 5207 10979 5208 10980 5209 10981 5210 10982 5211 10983 5212 10984 5213 10985 5214 10986 5215 10987 5216 10988 5217 10989 5218 10990 5219 10991 5220 10992 5221 10993 5222 10994 5223 10995 5224 10996 5225 10997 5226 10998 5227 10999 5228 11000 5229 11001 5230 11002 5231 11003 5232 11004 5233 11005 5234 11006 5235 11007 5236 11008 5237 11009 5238 11010 5239 11011 5240 11012 5241 11013 5242 11014 5243 11015 5244 11016 5245 11017 5246 11018 5247 11019 5248 11020 5249 11021 5250 11022 5251 11023 5252 11024 5253 11025 5254 11026 5255 11027 5256 11028 5257 11029 5258 11030 5259 11031 5260 11032 5261 11033 5262 11034 5263 11035 5264 11036 5265 11037 5266 11038 5267 11039 5268 11040 5269 11041 5270 11042 5271 11043 5272 11044 5273 11045 5274 11046 5275 11047 5276 11048 5277 11049 5278 11050 5279 11051 5280 11052 5281 11053 5282 11054 5283 11055 5284 11056 5285 11057 5286 11058 5287 11059 5288 11060 5289 11061 5290 11062 5291 11063 5292 11064 5293 11065 5294 11066 5295 11067 5296 11068 5297 11069 5298 11070 5299 11071 5300 11072 5301 11073 5302 11074 5303 11075 5304 11076 5305 11077 5306 11078 5307 11079 5308 11080 5309 11081 5310 11082 5311 11083 5312 11084 5313 11085 5314 11086 5315 11087 5316 11088 5317 11089 5318 11090 5319 11091 5320 11092 5321 11093 5322 11094 5323 11095 5324 11096 5325 11097 5326 11098 5327 11099 5328 11100 5329 11101 5330 11102 5331 11103 5332 11104 5333 11105 5334 11106 5335 11107 5336 11108 5337 11109 5338 11110 5339 11111 5340 11112 5341 11113 5342 11114 5343 11115 5344 11116 5345 11117 5346 11118 5347 11119 5348 11120 5349 11121 5350 11122 5351 11123 5352 11124 5353 11125 5354 11126 5355 11127 5356 11128 5357 11129 5358 11130 5359 11131 5360 11132 5361 11133 5362 11134 5363 11135 5364 11136 5365 11137 5366 11138 5367 11139 5368 11140 5369 11141 5370 11142 5371 11143 5372 11144 5373 11145 5374 11146 5375 11147 5376 11148 5377 11149 5378 11150 5379 11151 5380 11152 5381 11153 5382 11154 5383 11155 5384 11156 5385 11157 5386 11158 5387 11159 5388 11160 5389 11161 5390 11162 5391 11163 5392 11164 5393 11165 5394 11166 5395 11167 5396 11168 5397 11169 5398 11170 5399 11171 5400 11172 5401 11173 5402 11174 5403 11175 5404 11176 5405 11177 5406 11178 5407 11179 5408 11180 5409 11181 5410 11182 5411 11183 5412 11184 5413 11185 5414 11186 5415 11187 5416 11188 5417 11189 5418 11190 5419 11191 5420 11192 5421 11193 5422 11194 5423 11195 5424 11196 5425 11197 5426 11198 5427 11199 5428 11200 5429 11201 5430 11202 5431 11203 5432 11204 5433 11205 5434 11206 5435 11207 5436 11208 5437 11209 5438 11210 5439 11211 5440 11212 5441 11213 5442 11214 5443 11215 5444 11216 5445 11217 5446 11218 5447 11219 5448 11220 5449 11221 5450 11222 5451 11223 5452 11224 5453 11225 5454 11226 5455 11227 5456 11228 5457 11229 5458 11230 5459 11231 5460 11232 5461 11233 5462 11234 5463 11235 5464 11236 5465 11237 5466 11238 5467 11239 5468 11240 5469 11241 5470 11242 5471 11243 5472 11244 5473 11245 5474 11246 5475 11247 5476 11248 5477 11249 5478 11250 5479 11251 5480 11252 5481 11253 5482 11254 5483 11255 5484 11256 5485 11257 5486 11258 5487 11259 5488 11260 5489 11261 5490 11262 5491 11263 5492 11264 5493 11265 5494 11266 5495 11267 5496 11268 5497 11269 5498 11270 5499 11271 5500 11272 5501 11273 5502 11274 5503 11275 5504 11276 5505 11277 5506 11278 5507 11279 5508 11280 5509 11281 5510 11282 5511 11283 5512 11284 5513 11285 5514 11286 5515 11287 5516 11288 5517 11289 5518 11290 5519 11291 5520 11292 5521 11293 5522 11294 5523 11295 5524 11296 5525 11297 5526 11298 5527 11299 5528 11300 5529 11301 5530 11302 5531 11303 5532 11304 5533 11305 5534 11306 5535 11307 5536 11308 5537 11309 5538 11310 5539 11311 5540 11312 5541 11313 5542 11314 5543 11315 5544 11316 5545 11317 5546 11318 5547 11319 5548 11320 5549 11321 5550 11322 5551 11323 5552 11324 5553 11325 5554 11326 5555 11327 5556 11328 5557 11329 5558 11330 5559 11331 5560 11332 5561 11333 5562 11334 5563 11335 5564 11336 5565 11337 5566 11338 5567 11339 5568 11340 5569 11341 5570 11342 5571 11343 5572 11344 5573 11345 5574 11346 5575 11347 5576 11348 5577 11349 5578 11350 5579 11351 5580 11352 5581 11353 5582 11354 5583 11355 5584 11356 5585 11357 5586 11358 5587 11359 5588 11360 5589 11361 5590 11362 5591 11363 5592 11364 5593 11365 5594 11366 5595 11367 5596 11368 5597 11369 5598 11370 5599 11371 5600 11372 5601 11373 5602 11374 5603 11375 5604 11376 5605 11377 5606 11378 5607 11379 5608 11380 5609 11381 5610 11382 5611 11383 5612 11384 5613 11385 5614 11386 5615 11387 5616 11388 5617 11389 5618 11390 5619 11391 5620 11392 5621 11393 5622 11394 5623 11395 5624 11396 5625 11397 5626 11398 5627 11399 5628 11400 5629 11401 5630 11402 5631 11403 5632 11404 5633 11405 5634 11406 5635 11407 5636 11408 5637 11409 5638 11410 5639 11411 5640 11412 5641 11413 5642 11414 5643 11415 5644 11416 5645 11417 5646 11418 5647 11419 5648 11420 5649 11421 5650 11422 5651 11423 5652 11424 5653 11425 5654 11426 5655 11427 5656 11428 5657 11429 5658 11430 5659 11431 5660 11432 5661 11433 5662 11434 5663 11435 5664 11436 5665 11437 5666 11438 5667 11439 5668 11440 5669 11441 5670 11442 5671 11443 5672 11444 5673 11445 5674 11446 5675 11447 5676 11448 5677 11449 5678 11450 5679 11451 5680 11452 5681 11453 5682 11454 5683 11455 5684 11456 5685 11457 5686 11458 5687 11459 5688 11460 5689 11461 5690 11462 5691 11463 5692 11464 5693 11465 5694 11466 5695 11467 5696 11468 5697 11469 5698 11470 5699 11471 5700 11472 5701 11473 5702 11474 5703 11475 5704 11476 5705 11477 5706 11478 5707 11479 5708 11480 5709 11481 5710 11482 5711 11483 5712 11484 5713 11485 5714 11486 5715 11487 5716 11488 5717 11489 5718 11490 5719 11491 5720 11492 5721 11493 5722 11494 5723 11495 5724 11496 5725 11497 5726 11498 5727 11499 5728 11500 5729 11501 5730 11502 5731 11503 5732 11504 5733 11505 5734 11506 5735 11507 5736 11508 5737 11509 5738 11510 5739 11511 5740 11512 5741 11513 5742 11514 5743 11515 5744 11516 5745 11517 5746 11518 5747 11519 5748 11520 5749 11521 5750 11522 5751 11523 5752 11524 5753 11525 5754 11526 5755 11527 5756 11528 5757 11529 5758 11530 5759 11531 5760 11532 5761 11533 5762 11534 5763 11535 5764 11536 5765 11537 5766 11538 5767 11539 5768 11540 5769 11541 5770 11542 5771


